Floor 500 0
Spike 600 -250 1000 100
ReverseGravityPortal 800 100
ReverseGravityPortal 2000 100
StatusRemover 1100 100
LevelEnding 2500 0 100 100
Wall -1000 0
ObSpeed 1000
WallSpeed 975

Spike 800 -375 1000 540
Spike 800 275 1000 140
Floor 800 275 500 150

Spike 2500 275 1000 640
Spike 2500 -375 1000 140
Floor 2500 -375 500 180

Spike 4500 -375 1000 540
Spike 4500 275 1000 140
Floor 4500 275 500 150

ReverseGravityPortal 800 50

FlappyBirdPortal 5600 -100 200 200


Spike 5800 -600 150 640
Spike 5800 300 150 500
Spike 8300 -400 150 640
Spike 8300 400 150 500
Spike 10300 -200 150 500
Spike 10300 500 150 500

StatusRemover 12500 50
ReverseGravityPortal 13000 50

Spike 13200 -375 1000 540
Spike 13200 275 1000 140
Spike 14000 -375 1000 540
Spike 14000 275 1000 140
Spike 15000 -325 1000 540
Spike 15000 225 1000 140

Spike 18000 275 1000 640
Spike 18000 -375 1000 140
Spike 19000 225 1000 640
Spike 19000 -325 1000 140


LevelEnding 20000 0 500 500

Wall -1000 0